1000 20000
56 200
949 779
412 110
457 799
323 517
225 668
639 689
454 643
750 251
256 524
76 60
358 865
494 651
91 363
520 425
154 575
976 102
705 387
212 513
537 886
30 761
554 20
449 359
662 550
609 917
426 36
328 135
253 821
785 343
184 304
119 689
230 446
791 286
832 354
799 720
239 828
481 144
847 281
503 860
183 463
128 960
499 455
94 751
275 878
445 810
534 916
499 115
361 641
401 193
346 199
264 584
378 744
80 576
377 582
435 911
44 562
870 894
16 963
996 642
192 441
452 77
356 302
192 68
942 592
260 287
142 524
222 519
619 653
94 347
586 528
257 630
441 126
875 456
440 871
97 632
663 900
708 370
201 251
437 494
842 49
132 335
924 354
205 542
358 298
241 944
177 497
925 969
975 799
424 766
21 873
397 683
124 457
52 677
707 841
170 901
889 302
587 812
7 792
705 364
441 945
307 618
794 231
938 120
382 362
885 402
586 634
85 709
90 488
737 148
328 907
400 568
560 987
379 918
130 436
281 570
380 940
539 525
522 477
644 903
190 529
657 775
162 93
835 603
932 572
102 260
830 502
179 389
840 558
306 969
993 938
538 724
229 429
249 751
905 244
5 94
124 13
220 285
105 406
239 37
329 341
648 158
194 826
898 385
735 555
705 79
845 594
803 73
22 403
175 926
646 532
19 122
544 590
406 1
996 997
37 324
689 36
834 234
213 83
970 948
638 674
26 482
267 180
906 289
582 81
566 580
964 585
701 507
526 458
507 521
806 895
197 846
930 382
79 143
464 48
442 101
721 819
934 340
999 192
628 932
624 193
863 587
129 915
93 7
725 952
527 530
846 75
376 128
456 806
622 272
854 63
724 926
881 10
617 231
201 596
163 824
789 25
410 269
292 502
275 16
805 154
545 651
580 272
130 388
78 751
659 283
165 382
560 397
391 177
628 591
772 790
766 912
166 175
533 457
29 807
472 833
312 369
835 244
640 964
631 69
714 289
351 878
22 263
275 765
439 254
707 210
43 473
474 560
647 6
369 27
812 192
860 476
560 694
719 552
658 701
972 723
341 675
953 362
937 227
478 375
480 185
936 874
657 409
785 655
414 153
34 578
345 893
405 256
938 475
159 947
175 131
670 515
805 622
228 741
200 706
467 31
890 754
256 898
515 40
904 928
545 937
857 241
181 261
496 119
735 7
417 909
137 86
775 293
59 3
385 258
708 203
288 949
956 543
846 470
935 101
750 479
38 606
719 570
867 566
688 953
572 457
214 60
542 988
352 601
990 88
210 49
290 850
997 246
744 194
67 678
295 816
508 684
774 578
253 992
144 293
944 67
749 157
127 642
497 830
242 838
918 804
887 559
5 235
804 748
429 223
778 75
38 285
758 163
863 10
154 358
302 98
424 402
606 902
44 102
84 637
292 353
440 178
911 796
412 67
544 192
289 321
266 678
957 23
841 171
385 994
528 38
443 304
440 401
205 483
854 640
119 145
992 911
322 255
706 86
321 601
277 961
273 543
990 230
565 182
752 301
528 280
339 970
583 778
370 139
612 576
779 730
720 122
992 394
376 50
479 48
2 107
360 275
649 350
856 566
883 607
866 410
886 556
380 820
333 101
959 944
676 89
26 748
562 369
141 290
770 971
689 772
77 49
46 78
750 253
995 632
859 212
42 97
768 773
916 100
225 226
396 253
314 421
1000 228
141 492
517 911
462 205
682 538
253 727
967 354
979 961
986 189
173 379
285 940
151 553
391 727
778 786
979 444
206 978
671 699
469 187
609 930
743 290
820 996
368 138
701 698
99 38
886 623
416 523
562 918
75 952
645 852
738 623
647 295
953 317
993 421
855 601
703 598
242 874
945 609
11 645
658 461
683 544
83 450
418 996
720 492
948 716
695 37
690 342
683 642
10 676
415 217
628 469
814 222
694 110
830 704
754 840
517 788
383 599
590 800
595 309
643 894
376 337
930 65
30 964
707 392
991 473
608 619
941 773
192 634
882 373
689 987
212 557
127 946
156 716
97 102
376 739
347 751
428 276
815 457
591 873
200 582
345 807
200 637
579 391
622 460
115 663
447 327
219 925
272 726
640 369
179 367
107 525
117 886
152 283
695 743
156 894
324 852
701 875
841 279
617 814
91 731
828 889
57 399
813 329
124 804
49 655
170 507
179 638
393 331
272 87
425 779
980 748
631 680
974 823
311 942
988 753
672 816
641 81
214 805
761 689
960 809
343 481
315 874
118 707
556 389
793 980
168 125
79 150
156 404
324 818
345 311
570 16
478 562
96 43
718 208
84 677
16 426
157 331
651 626
389 206
367 534
537 886
658 615
387 165
18 710
983 362
372 552
730 202
466 177
244 183
385 327
212 752
105 368
434 107
346 823
313 712
708 849
949 717
816 335
881 185
396 863
899 119
767 628
320 584
156 916
118 540
594 329
644 698
49 77
157 394
251 469
457 958
669 405
674 836
91 907
21 486
121 271
604 887
898 924
822 405
839 940
297 432
268 940
482 316
16 990
61 619
810 869
576 478
273 602
666 363
860 686
200 980
308 804
219 205
727 40
609 917
979 905
700 247
196 533
914 564
522 327
182 331
195 109
161 820
62 826
182 921
863 382
253 170
537 471
726 263
862 686
531 841
943 582
439 138
115 704
53 988
30 234
671 225
343 831
44 756
8 577
29 222
310 281
743 846
751 468
460 612
505 342
804 447
924 594
937 390
298 989
729 327
223 399
903 917
581 298
24 940
875 52
161 536
332 903
734 434
722 193
398 227
887 201
673 810
795 961
551 444
950 279
770 524
678 25
792 610
322 815
550 548
867 710
84 550
965 817
984 686
361 381
912 247
933 937
56 79
897 606
522 198
237 644
73 914
668 864
523 989
31 72
537 897
134 972
446 98
788 781
783 148
513 695
747 446
983 802
876 231
760 398
429 996
393 501
261 60
717 135
400 747
207 288
995 692
259 792
789 398
573 571
898 85
617 644
882 951
797 758
182 556
507 962
903 899
462 163
310 530
298 61
276 856
349 622
547 959
414 687
357 986
257 254
70 226
897 304
176 45
61 709
601 919
670 855
169 484
18 478
13 667
890 641
874 590
262 772
549 675
458 905
12 66
510 434
643 758
737 171
802 149
879 754
67 549
609 235
384 978
64 748
996 305
388 221
895 2
992 443
28 449
699 40
514 560
473 509
317 209
679 470
709 557
576 775
457 184
361 192
513 776
940 860
80 679
80 326
680 71
768 708
519 466
99 384
377 923
244 693
131 922
515 191
479 90
317 287
625 677
479 137
804 418
996 235
448 75
561 128
145 328
187 15
146 637
750 522
559 994
567 41
267 433
231 97
522 547
384 146
575 214
634 730
983 981
964 430
55 524
909 551
204 447
917 701
83 18
574 641
363 492
681 630
924 263
726 797
809 461
294 735
674 927
464 656
259 780
438 665
303 346
567 858
793 483
910 227
853 836
868 215
327 900
196 603
515 274
751 323
734 45
410 408
323 873
415 582
652 204
598 307
550 165
516 694
999 778
920 851
613 139
418 291
391 965
245 905
238 996
579 972
392 988
731 714
213 497
647 216
701 245
874 250
761 742
295 759
519 214
610 131
705 379
773 95
343 18
999 581
13 577
552 756
565 634
821 129
130 468
344 830
64 218
431 824
311 725
934 829
291 895
311 995
273 83
89 616
100 439
548 464
15 451
219 931
84 392
59 213
859 755
395 274
972 825
449 634
902 382
462 192
277 772
538 901
206 978
868 658
416 415
473 782
865 44
713 300
435 771
865 293
525 259
918 848
435 718
481 336
451 294
879 79
65 768
980 623
745 847
280 512
614 752
294 478
795 6
778 229
128 994
873 5
252 142
852 686
859 685
374 662
978 604
740 395
372 71
17 468
918 648
980 531
399 625
360 546
630 489
774 109
482 999
113 85
140 317
123 351
353 496
12 682
99 751
76 822
822 444
290 91
91 621
973 842
245 684
387 226
173 512
334 6
510 799
91 650
115 565
352 467
60 363
148 510
465 576
332 286
371 973
728 462
593 700
655 837
384 41
62 908
904 395
265 414
545 707
415 659
271 766
477 682
480 977
192 944
552 875
582 274
199 309
87 791
9 741
627 744
133 40
3 37
786 267
802 331
974 216
341 596
333 818
278 812
146 821
107 49
695 688
322 245
997 409
35 357
149 13
100 634
52 454
22 189
720 823
519 45
390 212
641 74
29 270
885 526
90 343
574 136
31 895
380 27
303 766
383 804
778 834
789 181
287 810
369 358
984 240
755 373
451 395
446 831
16 682
356 105
24 281
592 406
175 971
432 830
88 166
985 865
351 125
397 989
934 117
347 917
356 101
641 158
847 86
340 214
119 47
318 142
327 261
900 854
583 331
35 670
849 19
534 551
143 282
540 428
398 238
696 106
690 336
263 888
773 955
101 891
1 770
384 680
30 283
533 612
966 919
281 166
937 166
716 431
447 607
210 844
844 905
949 885
592 564
772 364
518 224
