iter  lambda         dual           primal         LB             UB             gap            step           subgrad        
----------------------------------------------------------------------------------------------------
0     0.863793       10412          10412          6163           10412          4249           0.000175603    -4919          
1     1.24235        7201.75        9572           6163           7201.75        1038.75        0.000137957    -2744          
2     1.90663        6653.91        7572           6163           6653.91        490.906        0.000898895    -739           
3     0.993517       6726.39        5550           6163           6653.91        490.906        0.00147992     617            
4     1.39282        6863.37        8606           6163           6653.91        490.906        0.000227651    -1754          
5     1.90663        6542.71        7572           6163           6542.71        379.709        0.000695283    -739           
6     0.993517       6726.39        5550           6163           6542.71        379.709        0.00147992     617            
7     1.39282        6863.37        8606           6163           6542.71        379.709        0.000227651    -1754          
8     1.90663        6542.71        7572           6163           6542.71        379.709        0.000695283    -739           
9     0.993517       6726.39        5550           6163           6542.71        379.709        0.00147992     617            
10    1.39282        6863.37        8606           6163           6542.71        379.709        0.000227651    -1754          
11    1.90663        6542.71        7572           6163           6542.71        379.709        0.000695283    -739           
12    0.993517       6726.39        5550           6163           6542.71        379.709        0.00147992     617            
13    1.39282        6863.37        8606           6163           6542.71        379.709        0.000227651    -1754          
14    1.90663        6542.71        7572           6163           6542.71        379.709        0.000695283    -739           
15    0.993517       6726.39        5550           6163           6542.71        379.709        0.00147992     617            
16    1.39282        6863.37        8606           6163           6542.71        379.709        0.000227651    -1754          
17    1.90663        6542.71        7572           6163           6542.71        379.709        0.000695283    -739           
18    0.993517       6726.39        5550           6163           6542.71        379.709        0.00147992     617            
19    1.39282        6863.37        8606           6163           6542.71        379.709        0.000227651    -1754          
20    1.90663        6542.71        7572           6163           6542.71        379.709        0.000695283    -739           
21    0.993517       6726.39        5550           6163           6542.71        379.709        0.00147992     617            
22    1.39282        6863.37        8606           6163           6542.71        379.709        0.000227651    -1754          
23    1.90663        6542.71        7572           6163           6542.71        379.709        0.000695283    -739           
24    0.993517       6726.39        5550           6163           6542.71        379.709        0.00147992     617            
25    1.39282        6863.37        8606           6163           6542.71        379.709        0.000227651    -1754          
26    1.90663        6542.71        7572           6163           6542.71        379.709        0.000695283    -739           
27    0.993517       6726.39        5550           6163           6542.71        379.709        0.00147992     617            
28    1.39282        6863.37        8606           6163           6542.71        379.709        0.000227651    -1754          
29    1.90663        6542.71        7572           6163           6542.71        379.709        0.000695283    -739           
30    0.993517       6726.39        5550           6163           6542.71        379.709        0.00147992     617            
31    1.39282        6863.37        8606           6163           6542.71        379.709        0.000227651    -1754          
32    1.90663        6542.71        7572           6163           6542.71        379.709        0.000695283    -739           
33    0.993517       6726.39        5550           6163           6542.71        379.709        0.00147992     617            
34    1.39282        6863.37        8606           6163           6542.71        379.709        0.000227651    -1754          
35    1.90663        6542.71        7572           6163           6542.71        379.709        0.000695283    -739           
36    0.993517       6726.39        5550           6163           6542.71        379.709        0.00147992     617            
37    1.39282        6863.37        8606           6163           6542.71        379.709        0.000227651    -1754          
38    1.90663        6542.71        7572           6163           6542.71        379.709        0.000695283    -739           
39    0.993517       6726.39        5550           6163           6542.71        379.709        0.00147992     617            
40    1.39282        6863.37        8606           6163           6542.71        379.709        0.000227651    -1754          
41    1.90663        6542.71        7572           6163           6542.71        379.709        0.000695283    -739           
42    0.993517       6726.39        5550           6163           6542.71        379.709        0.00147992     617            
43    1.39282        6863.37        8606           6163           6542.71        379.709        0.000227651    -1754          
44    1.90663        6542.71        7572           6163           6542.71        379.709        0.000695283    -739           
45    0.993517       6726.39        5550           6163           6542.71        379.709        0.00147992     617            
46    1.39282        6863.37        8606           6163           6542.71        379.709        0.000227651    -1754          
47    1.90663        6542.71        7572           6163           6542.71        379.709        0.000695283    -739           
48    0.993517       6726.39        5550           6163           6542.71        379.709        0.00147992     617            
49    1.39282        6863.37        8606           6163           6542.71        379.709        0.000227651    -1754          
50    1.90663        6542.71        7572           6163           6542.71        379.709        0.000695283    -739           
51    0.993517       6726.39        5550           6163           6542.71        379.709        0.00147992     617            
52    1.39282        6863.37        8606           6163           6542.71        379.709        0.000227651    -1754          
53    1.90663        6542.71        7572           6163           6542.71        379.709        0.000695283    -739           
54    0.993517       6726.39        5550           6163           6542.71        379.709        0.00147992     617            
55    1.39282        6863.37        8606           6163           6542.71        379.709        0.000227651    -1754          
56    1.90663        6542.71        7572           6163           6542.71        379.709        0.000695283    -739           
57    0.993517       6726.39        5550           6163           6542.71        379.709        0.00147992     617            
58    1.39282        6863.37        8606           6163           6542.71        379.709        0.000227651    -1754          
59    1.90663        6542.71        7572           6163           6542.71        379.709        0.000695283    -739           
60    0.993517       6726.39        5550           6163           6542.71        379.709        0.00147992     617            
61    1.39282        6863.37        8606           6163           6542.71        379.709        0.000227651    -1754          
62    1.90663        6542.71        7572           6163           6542.71        379.709        0.000695283    -739           
63    0.993517       6726.39        5550           6163           6542.71        379.709        0.00147992     617            
64    1.39282        6863.37        8606           6163           6542.71        379.709        0.000227651    -1754          
65    1.90663        6542.71        7572           6163           6542.71        379.709        0.000695283    -739           
66    0.993517       6726.39        5550           6163           6542.71        379.709        0.00147992     617            
67    1.39282        6863.37        8606           6163           6542.71        379.709        0.000227651    -1754          
68    1.90663        6542.71        7572           6163           6542.71        379.709        0.000695283    -739           
69    0.993517       6726.39        5550           6163           6542.71        379.709        0.00147992     617            
70    1.39282        6863.37        8606           6163           6542.71        379.709        0.000227651    -1754          
71    1.90663        6542.71        7572           6163           6542.71        379.709        0.000695283    -739           
72    0.993517       6726.39        5550           6163           6542.71        379.709        0.00147992     617            
73    1.39282        6863.37        8606           6163           6542.71        379.709        0.000227651    -1754          
74    1.90663        6542.71        7572           6163           6542.71        379.709        0.000695283    -739           
75    0.993517       6726.39        5550           6163           6542.71        379.709        0.00147992     617            
76    1.39282        6863.37        8606           6163           6542.71        379.709        0.000227651    -1754          
77    1.90663        6542.71        7572           6163           6542.71        379.709        0.000695283    -739           
78    0.993517       6726.39        5550           6163           6542.71        379.709        0.00147992     617            
79    1.39282        6863.37        8606           6163           6542.71        379.709        0.000227651    -1754          
80    1.90663        6542.71        7572           6163           6542.71        379.709        0.000695283    -739           
81    0.993517       6726.39        5550           6163           6542.71        379.709        0.00147992     617            
82    1.39282        6863.37        8606           6163           6542.71        379.709        0.000227651    -1754          
83    1.90663        6542.71        7572           6163           6542.71        379.709        0.000695283    -739           
84    0.993517       6726.39        5550           6163           6542.71        379.709        0.00147992     617            
85    1.39282        6863.37        8606           6163           6542.71        379.709        0.000227651    -1754          
86    1.90663        6542.71        7572           6163           6542.71        379.709        0.000695283    -739           
87    0.993517       6726.39        5550           6163           6542.71        379.709        0.00147992     617            
88    1.39282        6863.37        8606           6163           6542.71        379.709        0.000227651    -1754          
89    1.90663        6542.71        7572           6163           6542.71        379.709        0.000695283    -739           
90    0.993517       6726.39        5550           6163           6542.71        379.709        0.00147992     617            
91    1.39282        6863.37        8606           6163           6542.71        379.709        0.000227651    -1754          
92    1.90663        6542.71        7572           6163           6542.71        379.709        0.000695283    -739           
93    0.993517       6726.39        5550           6163           6542.71        379.709        0.00147992     617            
94    1.39282        6863.37        8606           6163           6542.71        379.709        0.000227651    -1754          
95    1.90663        6542.71        7572           6163           6542.71        379.709        0.000695283    -739           
96    0.993517       6726.39        5550           6163           6542.71        379.709        0.00147992     617            
97    1.39282        6863.37        8606           6163           6542.71        379.709        0.000227651    -1754          
98    1.90663        6542.71        7572           6163           6542.71        379.709        0.000695283    -739           
99    0.993517       6726.39        5550           6163           6542.71        379.709        0.00147992     617            
100   1.39282        6863.37        8606           6163           6542.71        379.709        0.000227651    -1754          
101   1.90663        6542.71        7572           6163           6542.71        379.709        0.000695283    -739           
102   0.993517       6726.39        5550           6163           6542.71        379.709        0.00147992     617            
103   1.39282        6863.37        8606           6163           6542.71        379.709        0.000227651    -1754          
104   1.90663        6542.71        7572           6163           6542.71        379.709        0.000695283    -739           
105   0.993517       6726.39        5550           6163           6542.71        379.709        0.00147992     617            
106   1.39282        6863.37        8606           6163           6542.71        379.709        0.000227651    -1754          
107   1.90663        6542.71        7572           6163           6542.71        379.709        0.000695283    -739           
108   0.993517       6726.39        5550           6163           6542.71        379.709        0.00147992     617            
109   1.39282        6863.37        8606           6163           6542.71        379.709        0.000227651    -1754          
110   1.90663        6542.71        7572           6163           6542.71        379.709        0.000695283    -739           
111   0.993517       6726.39        5550           6163           6542.71        379.709        0.00147992     617            
112   1.39282        6863.37        8606           6163           6542.71        379.709        0.000227651    -1754          
113   1.90663        6542.71        7572           6163           6542.71        379.709        0.000695283    -739           
114   0.993517       6726.39        5550           6163           6542.71        379.709        0.00147992     617            
115   1.39282        6863.37        8606           6163           6542.71        379.709        0.000227651    -1754          
116   1.90663        6542.71        7572           6163           6542.71        379.709        0.000695283    -739           
117   0.993517       6726.39        5550           6163           6542.71        379.709        0.00147992     617            
118   1.39282        6863.37        8606           6163           6542.71        379.709        0.000227651    -1754          
119   1.90663        6542.71        7572           6163           6542.71        379.709        0.000695283    -739           
120   0.993517       6726.39        5550           6163           6542.71        379.709        0.00147992     617            
121   1.39282        6863.37        8606           6163           6542.71        379.709        0.000227651    -1754          
122   1.90663        6542.71        7572           6163           6542.71        379.709        0.000695283    -739           
123   0.993517       6726.39        5550           6163           6542.71        379.709        0.00147992     617            
124   1.39282        6863.37        8606           6163           6542.71        379.709        0.000227651    -1754          
125   1.90663        6542.71        7572           6163           6542.71        379.709        0.000695283    -739           
126   0.993517       6726.39        5550           6163           6542.71        379.709        0.00147992     617            
127   1.39282        6863.37        8606           6163           6542.71        379.709        0.000227651    -1754          
128   1.90663        6542.71        7572           6163           6542.71        379.709        0.000695283    -739           
129   0.993517       6726.39        5550           6163           6542.71        379.709        0.00147992     617            
130   1.39282        6863.37        8606           6163           6542.71        379.709        0.000227651    -1754          
131   1.90663        6542.71        7572           6163           6542.71        379.709        0.000695283    -739           
132   0.993517       6726.39        5550           6163           6542.71        379.709        0.00147992     617            
133   1.39282        6863.37        8606           6163           6542.71        379.709        0.000227651    -1754          
134   1.90663        6542.71        7572           6163           6542.71        379.709        0.000695283    -739           
135   0.993517       6726.39        5550           6163           6542.71        379.709        0.00147992     617            
136   1.39282        6863.37        8606           6163           6542.71        379.709        0.000227651    -1754          
137   1.90663        6542.71        7572           6163           6542.71        379.709        0.000695283    -739           
138   0.993517       6726.39        5550           6163           6542.71        379.709        0.00147992     617            
139   1.39282        6863.37        8606           6163           6542.71        379.709        0.000227651    -1754          
140   1.90663        6542.71        7572           6163           6542.71        379.709        0.000695283    -739           
141   0.993517       6726.39        5550           6163           6542.71        379.709        0.00147992     617            
142   1.39282        6863.37        8606           6163           6542.71        379.709        0.000227651    -1754          
143   1.90663        6542.71        7572           6163           6542.71        379.709        0.000695283    -739           
144   0.993517       6726.39        5550           6163           6542.71        379.709        0.00147992     617            
145   1.39282        6863.37        8606           6163           6542.71        379.709        0.000227651    -1754          
146   1.90663        6542.71        7572           6163           6542.71        379.709        0.000695283    -739           
147   0.993517       6726.39        5550           6163           6542.71        379.709        0.00147992     617            
148   1.39282        6863.37        8606           6163           6542.71        379.709        0.000227651    -1754          
149   1.90663        6542.71        7572           6163           6542.71        379.709        0.000695283    -739           
150   0.993517       6726.39        5550           6163           6542.71        379.709        0.00147992     617            
151   1.39282        6863.37        8606           6163           6542.71        379.709        0.000227651    -1754          
152   1.90663        6542.71        7572           6163           6542.71        379.709        0.000695283    -739           
153   0.993517       6726.39        5550           6163           6542.71        379.709        0.00147992     617            
154   1.39282        6863.37        8606           6163           6542.71        379.709        0.000227651    -1754          
155   1.90663        6542.71        7572           6163           6542.71        379.709        0.000695283    -739           
156   0.993517       6726.39        5550           6163           6542.71        379.709        0.00147992     617            
157   1.39282        6863.37        8606           6163           6542.71        379.709        0.000227651    -1754          
158   1.90663        6542.71        7572           6163           6542.71        379.709        0.000695283    -739           
159   0.993517       6726.39        5550           6163           6542.71        379.709        0.00147992     617            
160   1.39282        6863.37        8606           6163           6542.71        379.709        0.000227651    -1754          
161   1.90663        6542.71        7572           6163           6542.71        379.709        0.000695283    -739           
162   0.993517       6726.39        5550           6163           6542.71        379.709        0.00147992     617            
163   1.39282        6863.37        8606           6163           6542.71        379.709        0.000227651    -1754          
164   1.90663        6542.71        7572           6163           6542.71        379.709        0.000695283    -739           
165   0.993517       6726.39        5550           6163           6542.71        379.709        0.00147992     617            
166   1.39282        6863.37        8606           6163           6542.71        379.709        0.000227651    -1754          
167   1.90663        6542.71        7572           6163           6542.71        379.709        0.000695283    -739           
168   0.993517       6726.39        5550           6163           6542.71        379.709        0.00147992     617            
169   1.39282        6863.37        8606           6163           6542.71        379.709        0.000227651    -1754          
170   1.90663        6542.71        7572           6163           6542.71        379.709        0.000695283    -739           
171   0.993517       6726.39        5550           6163           6542.71        379.709        0.00147992     617            
172   1.39282        6863.37        8606           6163           6542.71        379.709        0.000227651    -1754          
173   1.90663        6542.71        7572           6163           6542.71        379.709        0.000695283    -739           
174   0.993517       6726.39        5550           6163           6542.71        379.709        0.00147992     617            
175   1.39282        6863.37        8606           6163           6542.71        379.709        0.000227651    -1754          
176   1.90663        6542.71        7572           6163           6542.71        379.709        0.000695283    -739           
177   0.993517       6726.39        5550           6163           6542.71        379.709        0.00147992     617            
178   1.39282        6863.37        8606           6163           6542.71        379.709        0.000227651    -1754          
179   1.90663        6542.71        7572           6163           6542.71        379.709        0.000695283    -739           
180   0.993517       6726.39        5550           6163           6542.71        379.709        0.00147992     617            
181   1.39282        6863.37        8606           6163           6542.71        379.709        0.000227651    -1754          
182   1.90663        6542.71        7572           6163           6542.71        379.709        0.000695283    -739           
183   0.993517       6726.39        5550           6163           6542.71        379.709        0.00147992     617            
184   1.39282        6863.37        8606           6163           6542.71        379.709        0.000227651    -1754          
185   1.90663        6542.71        7572           6163           6542.71        379.709        0.000695283    -739           
186   0.993517       6726.39        5550           6163           6542.71        379.709        0.00147992     617            
187   1.39282        6863.37        8606           6163           6542.71        379.709        0.000227651    -1754          
188   1.90663        6542.71        7572           6163           6542.71        379.709        0.000695283    -739           
189   0.993517       6726.39        5550           6163           6542.71        379.709        0.00147992     617            
190   1.39282        6863.37        8606           6163           6542.71        379.709        0.000227651    -1754          
191   1.90663        6542.71        7572           6163           6542.71        379.709        0.000695283    -739           
192   0.993517       6726.39        5550           6163           6542.71        379.709        0.00147992     617            
193   1.39282        6863.37        8606           6163           6542.71        379.709        0.000227651    -1754          
194   1.90663        6542.71        7572           6163           6542.71        379.709        0.000695283    -739           
195   0.993517       6726.39        5550           6163           6542.71        379.709        0.00147992     617            
196   1.39282        6863.37        8606           6163           6542.71        379.709        0.000227651    -1754          
197   1.90663        6542.71        7572           6163           6542.71        379.709        0.000695283    -739           
198   0.993517       6726.39        5550           6163           6542.71        379.709        0.00147992     617            
199   1.39282        6863.37        8606           6163           6542.71        379.709        0.000227651    -1754          
