100 20
67.54841186120953 12.250967970040024 34.75263865322073 30.08896643339405 76.28240927476112 70.90295386806201 90.29616109343608 17.824494936647454 47.97296377167434 12.68174974942633 29.6774177323243 55.481975929302614 12.388237271547727 27.895388561798363 68.48959940015709 59.044733254289504 29.839655983662702 63.03391154883178 82.84874110100439 10.584888371025492 82.5237326649527 72.83254554894042 40.62254648661927 23.99315498306034 96.1491764986103 40.29350906013641 18.347125904213314 18.70447391501176 86.27449297127139 64.3353428230202 82.64154459469422 75.67586080244361 58.260528230923065 97.58041875814335 44.068093948751816 59.68365681459043 84.64641978276954 65.66677771278214 87.55362102796995 61.961693073108584 73.41146525934312 14.1241945290096 30.510844808639217 36.04491672418965 17.181277923126473 30.951179772492715 19.09012864687562 35.01762427990829 67.21159998379602 42.83489610730758 43.31628704051944 28.855632769433893 34.0280039844202 94.29891289412446 68.32318467219342 64.82179051002893 25.40247833782873 75.62141181553143 24.706224438573557 44.1509897581883 99.05710155729358 67.59997838686836 60.12547693971816 71.61528258908871 85.85667281708287 79.83999203916203 30.614326476769392 12.889021951363398 38.39077432531737 34.09667883781324 28.988455922769383 94.8618742901549 88.8730863825402 38.32100927186301 68.9894798765392 45.60687109545978 92.30928307664891 51.296666732865894 33.83921498482472 32.196475692458506 60.52313207468357 33.64674476706418 62.61273912011865 90.80405952422292 45.94604546263575 29.7388683241555 99.77838458455992 55.857366430881804 18.18184709564145 14.240473788226112 19.868421731559323 66.47014375327811 81.28714279266677 47.994397011971564 15.717493553676142 44.34573578558831 99.6509242216087 57.620291058922334 97.39705398522564 87.47017320110483
517.2215329142294 1581.082729040292 1522.5655535398623 1305.4554956131929 900.2377849288141 1461.442697869712 667.3282603938146 1152.1478760036575 1180.5855594938098 1930.7238912816201 1813.779410567291 895.0835761266362 1250.8791695754476 767.977820795197 1868.9417590172307 1805.7778547551504 947.6671871729493 1458.4242422990078 1413.4553171572584 729.2589028244522
657.5064800450907 523.6274180717754 667.175887178335 518.2122033171065 200.3431376767661 394.49363420280383 211.6860454314994 757.4591697587703 727.2331266939105 698.9993176167077 384.5084752415969 234.75509989651255 726.8057595224243 768.1696671787964 251.39207124072726 491.59427798996825 241.52751108103018 656.3612991543389 659.5006575841926 277.0348786998577
24.288836526837834 27.94037608125225 13.987774818062896 43.749219013177616 21.733759069843458 11.378112066662021 27.425508350193457 36.76662238540883 10.8564021060951 16.274098273743853 49.76231847638384 32.84402482433322 22.4669041118107 26.36121621074394 6.92920559754502 12.01016951454631 17.566192545225313 29.827127204404434 12.275621897232273 11.790651838126415
4.478661214442594 31.924044906234847 12.218147406746564 45.36558063730027 43.12213461243358 4.472010144544019 12.662227084080765 33.77991113651775 11.497603561151491 7.483280587526225 46.840197788452876 28.98111157293894 24.160880289277912 39.446351790246915 40.56735289056553 10.330085803732008 5.749609897212343 22.121507937912497 21.755352527976118 23.884208733797074
36.72471662353268 33.994862817371775 49.22409535693234 5.822475686445985 20.72844282301117 17.625827664353196 43.22195428128676 13.184160362093996 10.320236513599763 22.982063843823465 21.672200351885806 14.648712088680083 13.240515946222924 46.240014364524626 22.71340650761939 43.2061061333297 27.965940310042555 3.478828146719181 49.964840952223604 41.96535166891764
48.480816606952814 46.391982167398254 42.58609098630097 9.149244419591787 24.796415147085206 11.473617660759903 20.650974334923177 3.873134598636767 19.56968282986889 49.28013334520657 13.994949850435445 39.4194594954799 23.29540999961802 21.727366813517982 47.908564402123986 49.77571178514298 28.23264784687529 36.202005489519976 8.585044438429144 15.538683449233647
48.46675888348878 29.379834249996556 27.56756486733944 37.65080245857414 3.801098372466671 29.624702128489588 25.639668763056164 42.78327471036598 8.71420366903468 48.07816626044807 4.925461796788757 10.105423088055437 30.156720216051355 34.08541512660042 12.524990855045628 6.874444083409085 44.62407839234244 13.064552041642617 30.13143852313862 31.34969400627305
21.54202085145775 29.599942175270012 26.616353061065986 46.80060662908493 11.008700771753285 36.093398238681324 12.695611678176455 20.393506492771472 33.912820925038595 15.69985691013935 16.492682617320845 37.8413601283057 4.554612610164709 23.45599060831072 49.924267601867676 49.80872594489963 4.589775333882017 11.44456130108498 13.994820322769666 46.729709521691746
44.162344510635535 44.0842418817426 19.106827348205314 8.729594785504366 41.85350277735054 35.47345632928118 30.972210520571554 49.374420117943714 33.044839567825896 1.3833322504557395 41.03810262065762 15.669558857798917 33.506047033337786 47.00757019242809 7.580264605275018 6.656004850536008 6.244762907761464 28.10795840335598 14.345062403425999 30.63666152448097
36.1629971698011 10.976268304045194 32.07765998536891 13.93521117989006 24.93806075531945 45.36148806288684 42.459081951447914 5.522624917923938 21.75521285562259 14.557330974640331 1.1737387653013327 38.78484192796173 32.2185554877676 13.835807859283062 37.32031450904861 28.032340635193172 21.956659030053288 1.4738152808086582 4.686949143614585 44.272213271707
45.292500006434764 27.733924171070594 41.89515597441482 29.54296875799991 8.25659549280665 7.2448304448247995 16.10465914657655 45.05009294838691 40.00999293951404 43.174426518044235 45.04730718979725 11.293750378647948 13.226957221923296 6.0368874619174955 39.22569585170069 44.32260037109944 20.912492101773722 31.412413997384927 8.573113578278027 46.56416976899005
43.36567911477823 48.83409561361718 40.727814277079446 44.189394028502896 2.2145317330112473 37.09165911599902 17.277087929375003 46.60997841636795 40.30952180791981 43.33913739038869 40.72671651214506 14.07347977012913 39.581350947638086 6.296685693744898 43.7361723623984 43.0710693155513 11.899252159737557 41.01274367424952 23.55485849926816 15.954352499591428
39.97192945849023 12.152178882980747 2.1595573003711244 10.463359628057724 17.08483560868762 43.35329415948403 48.3775660983697 14.6771246433717 32.43260519177376 20.584240833642983 49.076334672714744 27.274570891457373 47.02261987591107 6.6517458407199515 48.54962994008917 9.749822992450719 48.164181472316216 14.007851763625462 6.3117248135208435 22.293624169667574
36.69870797198251 16.37018839555457 30.70423381200102 26.059729923804426 19.87457623389163 29.252814131333377 13.481402800790516 35.73047890787436 1.082872632712844 46.35318310945505 27.384147857546804 36.25206995809743 37.35555381413435 33.86079671721698 18.846852117281944 4.428716745189199 33.547646560652346 17.179801766087223 16.381866607859624 42.552748695810436
36.26795888768356 15.715791142351945 16.15494844822401 21.011252522341625 20.717618965828507 15.487104923771403 7.237102153898507 21.601870354872506 47.07781986577897 34.188579318363914 45.23747174089655 31.160230881617647 15.746543853712701 27.848923443649213 1.0198910451670888 15.058772126577432 22.064519349501897 29.41925427858842 33.08057556145051 23.784421322103697
22.665830165935564 11.471368648465914 24.186123109556988 45.157860465584456 40.005213246212236 9.314878413704681 5.154981299530966 26.257148485845605 32.01410193252399 17.424224515080244 41.10274976229655 37.80576873949588 33.966987857301184 12.007392633867125 10.757366703602255 2.196843998614491 12.997284659839158 24.28168086672145 42.637147036611864 4.5685832300438864
21.307609538888247 31.85850365614797 10.527326600245756 35.12135827403474 25.22448128151141 12.955237539343504 33.14684254447742 1.2716960887635562 37.79725935430517 38.73226324012723 6.222777531613408 21.83216350319397 9.618447403620051 47.940336071697445 26.3799297717433 3.460700871891405 13.210715703338611 42.568481020231324 23.366629448038456 40.26941348439096
33.7113088967313 49.40673020025595 30.177163605001567 47.551940813714644 44.67987036471141 31.019963815326378 36.24442410252239 25.734130076395697 41.69788931634934 27.84572557993059 44.96319705842985 37.43911666581966 24.259047404329614 13.700385874785947 13.114747137973318 32.24541040203166 38.52487053056111 26.543690828571123 31.710673412107283 14.455274898959376
4.796684339372055 15.000679392294472 14.314040247027046 16.665768852519353 27.467458903404363 7.78032901429163 12.331812506681151 35.00354080265356 35.614537943033056 4.147213684980025 20.97236911366275 27.58794588469185 21.37293747105464 11.134885086206102 21.587032370897855 45.33708543866867 29.619891296007033 35.080626338400435 42.979869582892775 38.514134229785405
19.63867041745787 1.2889080956156604 18.23618133091941 37.92028112790991 42.81894957788612 47.71808658503521 21.53204284886127 37.628267779924485 27.760483176958115 30.559376858120824 11.806396021867126 11.751660096450372 22.355962826285193 2.4222161773890467 17.47034764122074 34.27795236638914 20.811516787744218 9.087191828971932 23.902117312383197 7.253762066776874
31.490591087729168 2.3213561433517467 20.306992560645533 28.65520716821393 2.328000270675309 32.49473275245745 7.649274874297648 23.623223758524073 3.4639470409427497 19.57608934521884 11.371353926362595 17.01544443918412 38.300255686807326 19.577184562642678 37.84848135418446 41.76428997260836 13.361305057336649 5.013405405320485 1.9497810654505239 27.43153334820415
49.99548359695125 18.148056842289012 32.85706056924387 39.28041943093385 32.935978106950586 37.95742699891679 47.530974903083454 10.768673435764113 1.9986208486962849 8.466734943454728 7.184827768836106 33.803483386375625 28.634509514570937 11.680262504418678 35.27378359106139 38.5780068194558 9.22166802502231 30.755127200655654 37.648356945809006 6.612110697565986
41.14575754124317 48.271317878670295 6.296838733222722 2.2582428493758346 16.285904975340063 34.19001705567003 47.9504690720889 20.43606763431474 36.03572054742395 4.723827414309938 34.84010638071604 31.734877384451178 5.99316396685285 38.85156336260998 42.66436871535102 30.420169126025364 6.931698188298441 49.208373224218896 39.349131971689964 18.012984500114
21.990522648502477 19.157972934684754 25.79207869417682 17.720327568202876 42.62920572297929 41.29421498641285 6.171404661555931 48.07859079351435 32.14367019897085 41.60665823912045 35.65812354159777 22.338870105376174 36.9559698966562 48.30821283066581 14.234037422982642 40.60176172153104 27.37047241596453 24.69137769027661 22.34315015719082 36.82028450095099
14.15138136441204 42.73394484094726 41.70581992563957 5.246482004728046 44.19992801613583 12.949308520356844 23.770714863558354 30.90625350729551 19.570475902284937 2.4062998907343895 42.696688979310494 9.910153000726899 11.393872658807211 40.09378548457673 17.6766033150499 44.13567900815305 35.358003766277875 14.53716021205306 1.4974046074951786 47.455066311074525
5.195035135943042 36.283658541105524 24.94031449559058 38.15006802064085 34.83985763287963 32.64924208730666 25.05024541885072 39.853710538483554 5.559614177178912 11.858223623153977 34.89757060946489 16.00409547637433 29.49622368128599 24.18976394921671 27.015174626142624 21.849686822555523 37.55083639896687 17.208773562600577 35.43989216710268 14.27490492183362
13.318780133846134 6.912138352862986 10.436630379124352 6.858182321497589 27.25733430380374 38.347290864721046 10.072342279445436 11.602847354051677 24.725730773422725 36.50466505355953 48.853744121269784 26.707206586321785 14.866936460472797 5.925779296448748 10.511761326462599 12.14667501064518 9.792635640584763 1.6932699955471278 27.172619374115502 14.441255012380099
48.74045162403416 28.114589373131807 35.173452252599525 7.187695154962036 43.55459866588426 25.053056031665164 43.763267014928196 29.12914676169028 24.000450301595 22.582971108664502 10.033819849114005 3.517459141995314 47.11211624163706 24.408730176018697 41.28366661967209 20.63466467034505 4.6300263425263495 31.842839640647917 3.626844640334124 8.310681639209104
28.579140257143646 15.887940080269157 49.70198801280079 6.804126548361618 38.45772882098352 30.709564910905176 39.74630066232755 12.058669716186696 26.606054221380674 23.07520877954896 22.69332919694709 43.14816662548282 49.5115317628731 15.96363197164866 31.43033873253528 30.871914700011388 37.264375968742705 47.43191981594352 11.181607385354015 11.340234569964256
33.3609787224098 8.69579757566298 9.516863867995289 4.6781785761572285 1.131110407541401 23.07468152626742 30.0967485608586 15.271705162520352 12.342335493245265 35.64083566407263 35.44639034659214 23.24753499394512 34.681861083490894 46.27164117964489 39.603573305689835 31.627842351046873 33.39796909981502 46.74975446383015 21.83180933910637 27.683556556818356
32.73410144672155 45.5121608154177 41.50492682285292 4.499082005934893 9.130216671815509 16.072978818097397 37.69892838141154 28.891145416635528 15.141918826986245 7.0933292505607035 34.74522156939259 35.28695056381015 47.191135796458 25.523136678778354 25.19596574790913 4.941650743065748 2.9531784249970396 22.169404543877857 16.793757584556698 13.268027218188191
5.475017444918275 48.133644007449 41.961972081402884 29.184756351776592 47.588527612511264 49.979048426995114 33.94179763085872 14.206040272385641 2.9713519840861924 38.057172690215296 24.054540339330046 32.92396498225063 45.88756660841161 9.89296821393317 29.681151638614864 32.10445125325026 25.094564307359654 5.470877908397532 18.050091758437873 17.33211128958951
33.836541966538086 43.02892162561728 17.160379515369304 34.99001002518819 15.122671972711332 47.31448343859732 40.86473570216066 27.95473383961736 23.286469521484744 16.41134070133823 16.84041552752374 48.53905161362028 20.804577793036536 26.21521636412615 49.41784152430595 33.22535893767332 27.587086123502555 21.249130969166753 10.191544528331828 18.727188598432086
38.065714548723115 31.64502836510544 38.23953626698983 10.97435367916342 27.911762315181253 46.455965281377935 22.467688658546535 35.21425142698644 6.949878084768372 48.68419397526302 30.83471168701628 12.725575654054868 8.760530026456387 27.99111134313083 28.06031904363292 5.567250862794605 49.62059983036576 45.73356404572423 23.610946814760386 6.75584130538832
41.77501551467616 25.42039973065257 36.113562973597766 25.934728738406076 14.397819938950436 41.901473333258025 49.0319869975654 12.94281439768178 28.011988767143013 19.795714649110344 46.17153934664653 25.903803688051806 44.08698650217733 43.337319787000816 14.536122738280007 39.71030291815256 21.332178754015914 46.77817129044349 25.879146114673166 41.20692418609334
14.859110180858504 15.629236638816593 29.759948398293893 49.9462143282376 24.992376986129347 8.281175500756667 27.390448307489812 17.91107314295737 28.04395343646974 27.62807308497498 23.31188622645855 16.767090161222832 10.243966311648165 35.177422953408 29.018084457260155 12.444559856836763 39.00167927986368 3.138717655767794 37.4905524266946 35.556166170225126
40.75903622567897 19.917858872058133 33.520752644742196 41.2166300337682 49.06008879432947 25.271103831204755 2.8139609559332333 25.612266356515327 29.918841036168786 43.61531535474855 43.835328328661106 22.57500427876318 26.77160325357051 23.38947564923787 36.399747550961486 21.088952367571856 33.084284994958956 8.563699719805893 24.005039448251864 48.49097789813664
17.589500468520153 34.94252533075722 32.841995976384354 42.73649932518388 42.76472549172876 43.107767024245064 19.6204604786101 16.516396542736583 36.21715383592617 38.21068865738382 43.74676785252828 2.7590558920466424 4.352616611896021 31.926889825877385 46.12552584023454 49.87387022485455 37.59155197015842 22.264602124233157 5.8237131927767 32.053643610258774
43.756382397747444 22.740249031423584 35.00605697686849 45.26777904047381 3.253557465183425 40.01102979294838 15.37502102229523 19.367213398990426 8.132919989270523 27.02714958928924 28.730475033880904 39.83345422016671 9.329198804336771 4.8694491823397374 43.67114033359789 31.365808058333354 12.80065980095934 45.72862178515419 8.012768286296973 23.59634575439488
13.444889631263571 13.511008699798548 1.460474141288681 40.42702077178217 45.159261756345266 34.202933399254896 8.74080548151756 22.644759396586906 17.932715597711002 29.79101355119465 32.307996415640595 21.791137984583987 13.25481299597736 42.419892331987334 10.761632956335724 19.84996919939993 24.67719499190159 12.623079394451157 29.024211925186204 29.16578457875361
49.64191013771798 15.466306940280198 48.91927974426627 33.25326098050535 14.449538628733158 28.73052183082925 34.60417514396659 37.488773217100935 3.403168288023997 30.71391816074725 25.339637039669647 45.303609253792544 15.023513421500528 40.14414585587234 30.74618491004903 18.26372683593051 32.194276022288705 31.423666993384902 34.21045847254461 36.32549045686474
33.299895475520934 42.078518731163314 31.78415708065802 45.26678149957543 32.67068983563561 16.13771131367917 22.600336317977767 29.399116463051733 36.885628629022676 5.416535411564728 15.460412129828608 37.62656238198021 9.606363451771024 7.475830089592394 27.43098019023663 48.60298947935566 27.011766311436467 45.76086174960315 41.69315835880247 13.591534143599853
41.409800814577956 24.610543663813317 40.517936195894556 37.58140818513521 17.597047436292428 6.643315665038211 48.181771350575005 7.897093735288251 48.35851026367485 43.14688924804227 36.48661889170039 49.01716989631327 48.39621761770159 40.42479455700754 18.92297742087275 39.74341646085794 1.6820140999441577 27.292043105183897 23.284515358959858 33.968590711813924
33.94469907019965 29.643444490956135 41.29844776011194 47.074302697198156 6.3089590077623035 12.457273208367575 2.226207832677634 44.327507415527755 28.508961730244064 45.84753952841481 11.846992803625511 4.097635016849576 41.36891221813193 45.55999428296671 15.807318551933262 21.006496933975225 7.849073612853832 47.36681511121537 15.913864633444256 25.138606329932088
5.762407932469258 44.475706117896614 7.64753838661049 23.228544087555736 33.85382472365839 37.413865954635405 47.35273020319217 21.537210917321417 37.37118172350048 8.571622218081917 21.32934184440354 5.852060100815896 24.97800485169111 20.997678399187325 47.624554743671915 2.6030980558972985 19.155967977987334 22.72577121697438 47.577203322719924 42.91705947199178
5.868376605700385 34.59833300858298 27.6788272126251 48.91428394315029 18.575018219403578 20.50884249447428 10.300619545892898 6.9858262352759235 42.55362623472037 23.28115105995534 33.47566816503692 32.44351889442766 30.26015201645771 2.0465152820821606 39.55293493227622 12.934875961037157 7.1702703800941014 28.664320819490204 4.3618974883934385 38.49271141854064
11.150711146986266 11.581616244015063 43.61507591170769 17.09941811817929 8.230154817130742 45.126020745956154 1.1389420225208013 43.06190019262864 8.089711035704891 7.369614440728403 13.282055639678068 9.550358924168279 33.39182448726852 2.2632273395237195 1.7281560343047335 39.70924854750294 12.658648698432689 16.8648016361391 9.538063868902682 3.567551875197649
37.344184790753324 26.778190803295487 37.53759847666579 24.336052305739262 39.12283492639593 26.148659922850392 6.34364649018843 25.68809579950525 47.32536650553521 3.1248868080594137 39.3781228030386 43.482064480232076 26.55110952094112 23.44408358278642 48.23728297297941 3.9804449672307856 24.470113638919802 20.679245471115465 34.6187773070494 25.02317385306704
45.57534062664624 4.601045072556074 4.958733393128805 30.80657375803856 4.218429432685582 14.475783978339706 32.020759490749754 27.869465268369666 16.93408672261473 49.736760037185256 26.9972850341349 23.232055461198108 30.66591278523033 5.859744622273057 35.38719150875724 42.78684412748318 32.89491657918396 38.67917377513219 36.32115591622236 11.536130250047348
23.126190882298793 12.196185143864636 17.607649322923585 23.221446242464918 21.383492862813267 5.659206124505912 21.911436306786943 33.59028528995513 19.340750148341304 8.479307313667464 46.226266750984834 4.28953209869574 41.75682253526787 5.568274983480193 5.731657195723495 37.20100392594707 40.776694978592225 28.262166045152156 29.73678905423437 28.51773428561155
17.152653089394047 6.989332982373405 18.326305902054614 33.601685480142855 37.76392826232244 43.536515294584184 36.33197325856132 48.45153264026225 30.420094470009175 18.2306630989643 29.31800740110289 11.424201477928298 33.180078846419455 11.987998586270713 6.302700714436065 42.42329751146591 19.010491480152158 38.36767596490564 29.13090021224167 40.55384718646487
42.41260290508955 48.7527835041597 41.10291611749281 31.065090746237775 32.49225902766174 2.2864377412255865 46.52513025875189 41.64357870802348 14.10493853255142 9.840387526081866 35.43223987041463 16.140249752665596 17.65140818208566 1.2991836807792758 43.62327262028547 28.749733643307437 20.638432855976262 7.951858053412164 32.02542862012018 2.5021978206643896
37.55947633827963 11.541511121642037 21.571792194460656 17.703903106697307 19.13260153137319 36.358202419390985 39.06494537837031 28.812084274105466 5.162894958881785 3.5778324948505675 8.713084958250505 31.2740709143755 34.02446682004254 14.333039333764727 33.4349959476048 24.797423539658816 22.660165148191176 14.385175373873704 37.992214039750166 6.577057897399886
22.065768036496628 14.879077033942018 34.24582648324652 24.84500491484829 33.689495378081126 3.2254507676169486 20.36790640829382 30.366922890278072 1.3766672090942609 15.769548738903403 11.350464981795302 7.724505457609023 13.520455697051505 17.077995440954215 1.378765421896285 37.60369204805862 9.609045291916273 19.630164840046575 35.47989190575052 25.512854981254446
41.83435591857403 40.50380914177143 4.531699333015734 43.22645373910684 3.0728108165767773 1.9183352926966393 46.13695929061821 43.24339066699125 29.212198876104722 29.096584363406308 35.765449116877775 21.467004032330546 6.643495260526113 2.021971392212692 16.91364079283018 40.26478556121216 31.28813790190777 41.76926974051365 46.068717835327845 5.3183641835963495
42.37973363092015 12.92250726631395 29.854693126842683 26.67416460703095 20.392568146107315 16.203453529957205 17.636150776274732 17.320362502163466 9.238502694238642 26.013680942565266 6.587305352089075 25.987651053825626 45.39021384742247 18.119388008146636 36.64157617802131 41.128481474717745 40.936813281750695 12.57717359838949 8.175766695607024 10.66631833837518
30.517550278385126 38.25054948179771 33.11994151541822 9.680160318414227 38.86955637313045 25.211734225852044 37.967845437102305 38.23398033077967 22.996357592758088 46.283558660897306 28.660097386737164 32.129617633969076 31.601567192652844 43.34809686673939 31.733652938088817 8.396912668260768 4.346026666292048 22.66819512797796 15.838201321811633 14.4590097068218
3.752433890440824 25.85950737919913 16.209984679709237 23.14377932133343 3.7876124908636664 41.75313495149295 4.7598190574992945 43.348251662336715 42.909375201348425 31.135411032363105 25.8463230493638 23.67287128743634 28.16150219557689 39.799072066002566 44.89796151228333 23.036951478894405 40.680979967200585 32.94003527778189 16.75481138114099 24.305822369210404
8.392192758086289 4.031811304953935 6.07159198624919 45.057214863832904 17.828451016075114 36.00146190920567 25.72290107354691 9.455386660381881 13.139442456315926 22.450155441152415 22.53166779636859 26.614653728011735 8.778564191095526 19.269747122965025 14.861785352106477 21.029700465118694 17.57999019522956 30.296407256766482 39.67211964661957 32.71796249149604
4.229680859706155 5.630791428239623 34.24058789716397 14.923201720027572 36.46294909512063 33.17164023411342 45.41079216102018 43.7907034409664 17.334739766967274 29.55423621473456 7.929990648631574 18.14121858925637 48.41712887694449 35.22551817778217 20.205941232432657 30.157020179427164 46.96210777872228 16.169512483382086 19.45728599675871 39.791435935313636
40.84605440692525 33.8357035997414 41.618989671828764 37.19995893434466 34.585307573601234 26.793273646974527 32.65521621594091 21.746911949783083 18.729576720992444 18.767285780120176 9.832883220965387 11.495440399236116 47.435745109182996 24.827275122763638 12.100609280160475 7.740702305676885 4.78108913074294 42.376991045608285 5.9558974197268135 38.77286129779195
41.920871505093245 44.30042610913552 2.8496271255205015 17.501454226249795 38.54907261791484 7.421403030045893 19.45927367030371 8.950113392334075 41.73590777776715 38.78379287281843 40.64314226232575 9.111419121458876 22.44599685177899 21.13207196333014 34.14178318723811 12.638979870899327 22.765736780458507 14.961468695604554 37.678289386676376 22.997470188633677
27.166546335214797 16.16392693157669 40.62256968344853 23.981764646580384 41.92055624355966 19.024206953026606 47.409378341962025 49.237549883047286 23.62231894360847 14.806814902484996 19.711749275344815 26.84552963461265 48.34713950709142 41.02767073948076 40.26170198342583 7.7815281955681295 13.250157367861346 32.41777277401791 43.83173030755962 28.17249652579713
6.026896855672058 42.448721559938484 42.70713635615416 14.968087688907094 38.39272468429285 14.366773679976474 45.36000423993382 8.220084143588611 22.43615544955406 47.37424988757627 11.87986233844205 23.10527152081474 18.129668828793797 2.306839349343988 3.609587471382649 25.598348619968537 12.553125619308199 49.73174221067627 19.37072099747061 2.381189730879353
46.6104693327477 42.11963809296868 32.8480735304149 39.777651236626625 7.742379798567711 15.05709046835014 41.65831757448831 35.107527440223194 7.800841899091124 35.57127258916494 22.981472225130084 1.2573087169752788 4.882062792265343 13.540272493415191 41.91319186483667 27.891408026747936 36.634504480921656 26.86080378844949 6.448156155887682 15.116977323922296
15.756408534724779 3.3397228843237126 21.57145164391871 39.90105632333247 23.398567215185984 6.432036869210735 45.352197397437926 30.2402130981284 1.805332258088827 26.253410780260896 12.854968586628672 8.035265172066742 22.032705762063355 31.12566955602158 12.787647701520633 21.41181216521845 33.55419378535844 5.195083794375827 48.75807005665886 4.316286822533456
26.776912820786357 25.859057132409543 49.428242794226904 28.153445668491578 20.132232895443142 24.036618829765814 32.14786878196287 49.07093170502645 13.428862792391424 1.7958693243384336 39.63748079769625 17.895322165006174 36.914110051081444 31.784591161307166 38.80356733138309 37.024162255803255 17.29341181022726 3.1724487264652006 27.754673515176886 40.86193441224832
9.579367225533712 39.17798708043579 23.766522087604848 35.074073347807136 31.95505654015855 40.76338641053271 4.091926314579006 39.03332958546766 23.42629929492031 15.378685987576532 3.1465075072970317 10.774021852044228 3.053391154588718 46.73517801756947 26.25379587347044 49.467012412510044 27.608504185055107 13.412374494928253 37.91125502212438 10.364068105961634
18.491734625732807 39.26123678194283 43.42411557682482 17.264309632685883 7.0992754039747865 19.032939541418976 44.58483933360179 37.42207757046144 44.837237252797614 19.945593644773915 48.71245563145014 25.31395810031411 25.378646232187737 46.29121286472122 26.444516823212158 40.25625628268691 36.62698489278915 4.867423296717925 30.520211642681137 41.294722697454446
27.728245469887213 16.739359982515108 4.923376642674768 33.3850418514487 16.01829694844687 30.52845975879939 21.879687571269226 34.79847561382883 18.225802204827612 3.0754029796563467 43.63182157776321 18.275406205115633 49.9093792908794 14.453212643668023 49.021336680519674 47.44731455155123 4.677017084419804 32.23811435628161 18.802245401898134 40.25370280254633
34.2911197829198 47.686680417700785 7.996193949764937 30.771072262721912 39.28428651742986 2.705149324128559 4.294434790043331 39.14725330183641 18.95009518225028 19.759865682750107 28.794987444481855 30.64964661388449 34.27404078875635 47.49235293401227 19.228655545063503 38.3911391181304 29.12216713836089 26.943534195278193 20.50366825167005 32.828476098595544
13.2309710015765 6.558982016665884 37.048068114491954 25.453154052566873 19.96238162192391 28.52196282722271 13.827057152787296 13.754198785855266 22.867382507875192 49.821890495583276 14.993267007209742 45.907466567552184 25.06880956745698 7.009233673294572 42.78848822883181 23.150091577024472 45.03527250852529 22.810448444380295 5.301746314131822 34.41453375228122
42.43053972976027 16.659800832898537 18.02383944218966 4.182014837487486 27.566396700052554 44.67525243534056 42.71674048690317 35.87864609635342 46.43889837943571 32.247301105636794 39.891122808405136 25.92903151354074 6.946760298844388 10.848038187706601 7.804966729879921 39.72827997957971 2.287917313605019 28.14705042572016 19.076647109559815 40.379424588140736
28.030699762394946 30.985469768405522 5.224558600944703 16.155245158894644 49.98015715278496 36.224613334645255 26.759087086684705 38.689062968360204 41.34363057591114 4.613784932650712 48.64660684417453 32.474590879932684 23.048750287486808 34.32534054182947 17.881224254432286 44.02004743087018 39.23288351307711 32.34990253896649 9.916193691054731 48.34696608277123
22.198296037616768 45.62490127639748 3.7152296508710765 7.083894911311598 8.49775787369983 9.068196914616083 16.810376806573224 35.757274493933046 17.95513103475178 47.104298691645205 44.851369924235094 42.450751601637414 13.279660140117954 32.117797477999545 27.991229358673845 7.133344461218233 15.838405699334928 27.14042345865065 25.62608409232187 9.263159185637633
47.138742405561196 8.555519077098594 33.27791079580396 36.31100565342638 30.651806485230917 42.28397020155606 28.617283687133494 41.43657709900497 2.390300907045003 3.2276283612757566 32.43123295739365 29.261790342391574 32.90536889679439 38.58099104489924 21.412752399499063 32.31056841823465 25.40386494666969 31.73103650460613 15.193911183278683 47.87585832776585
24.664296090595553 40.429719556570916 34.56455121858816 15.574259700057373 4.5756782497619435 3.9357386137987804 22.540669496100136 24.7283053752606 10.997127664606536 30.72635287821118 16.31654246309972 36.19978137050944 36.97578798542279 43.17809092196194 48.79333226782913 7.4075414260669366 19.15646970446427 28.52090957167009 16.636678433754703 23.857155784991185
14.106112048254937 13.148025243751736 5.743770975468001 15.220388243525175 19.823341841578696 31.153494764034466 13.165243738678143 43.40006758431517 8.825283444377888 17.044355219258552 29.306664856786224 16.32303112225138 38.3929473817928 25.415011560935532 26.22151712234274 25.439225711485054 16.118483620667035 2.1356386126012006 47.316407399392624 25.766778688164806
48.367644897071294 11.542076703785813 18.291859353961414 3.4764798267667025 25.24981597273364 44.23463434204185 33.05874180759124 24.05875581504159 27.297846715157423 42.511445904279924 22.115460698029484 44.24033081501105 36.6478951046102 38.42898144393749 18.930930273360588 20.62849942972307 28.943800550170437 10.538109792498235 28.107923404436434 4.60305573739925
25.708520927037032 38.45580162065474 14.706313203575117 49.46544433041541 34.339533365824174 6.821739966455888 48.77905795527542 20.30128192370175 39.94996419066634 17.6151796976757 47.008479780813396 37.9932934423469 10.753836196070049 25.947003295033923 25.50381727496155 3.219864270886662 7.7147823048085 17.318994562285592 24.213463369364312 23.392439404860824
30.7067655977864 26.25978087521544 17.070326534189785 31.040337932169223 8.96260024797003 49.540171140495865 37.226648668106606 15.662482783887596 17.48229915543224 41.586179911911415 27.084651663917942 35.728250515336455 15.689737672133273 40.97169282894738 19.04953268342271 34.01651323117781 49.01500352777893 29.60140495059053 40.04098588257721 36.54088641504091
34.71413890893581 2.3057105932278263 24.254920490167965 48.386464112430495 39.36229558013965 39.03193923343154 29.30408539734496 36.34860550251903 29.592640575334357 9.355091025586308 31.822236816122818 31.36705446955338 42.21718912295495 8.241009706716259 34.35561785748327 2.546955153762869 47.462053368430766 6.3848805453511455 1.9279310078240157 16.370931688846905
8.420131647847926 34.834512785007746 21.10849305681255 38.97364278854746 46.105526544963325 43.7680677367037 37.056026292165384 4.051783014707166 7.7660418034753 11.159743543590992 16.927427186876685 33.4491131860031 26.748380418601734 16.37387733815304 9.48593876900906 45.694083885276505 17.77402386641046 18.360062443595826 38.827499423288295 36.32530350503734
32.522145899973616 34.972352191461226 30.893752423858825 10.420944287698957 13.07943764084066 28.346245889562805 12.01848486164802 48.672620751937885 15.583113698568486 15.161202732772722 11.156611947877373 35.54442472726964 16.534996505903955 18.09135553586402 46.75131836376923 39.97486244411434 14.39941930101573 6.971831180903038 34.15449004334474 19.605015083344743
49.02786632874675 41.10049554639755 47.77583430618161 40.42617586387195 15.232179947653844 15.093886739092856 35.992923087421374 17.97181219068521 22.676429481376935 13.565754798200622 24.474883887807675 10.901332352829227 27.390318261723984 46.71817275538208 35.11239373169431 7.726374785245224 31.16817468631012 29.75469442996994 12.880443882104053 33.821864279762096
27.02103299690716 32.25928409702324 3.5720642351336767 21.25176693636467 36.15054475626194 5.926700334090047 38.76753684681568 1.2538908739493715 27.967275723201215 46.525884328328914 20.93846512579729 46.816572831211424 44.041581454197186 24.394977501603925 10.773342758712483 48.23178790565585 16.737217403839168 32.64899797662322 45.488910978045496 5.3835753050643
29.132534305593293 27.222461567786628 36.432766233878745 46.89679960778068 45.74825655782277 9.578173998567193 44.230003685076824 9.613646669404265 46.06210578069577 49.86141835133699 20.452734139636682 25.27381096876613 46.89382849411038 48.14443762408378 46.375945196925706 43.960415227978245 1.4540912555248895 28.830131564560276 6.257733847903362 49.16670053017931
14.943520965152267 49.46587403434744 27.62172369429177 25.20170859674914 46.98946458530275 42.70192719032184 23.933017681308215 10.447758515416679 6.519691289987569 8.962218864447195 23.486809080585697 13.605979131246436 10.123754387275318 37.09427687912059 39.74761555683753 28.821279898626027 38.1068547626205 9.599250778084771 42.95117870939943 44.95509532741478
41.52250143853917 26.24875228903 5.2501507225694395 33.793536817087755 10.054278851319658 7.8899819060806236 16.856481834169056 13.154307099690106 13.77847857620675 12.540541387275162 37.9340759372914 47.74770631009071 15.79534614488912 36.42124389164887 1.5603509755142315 33.03048498643974 34.945660930714205 4.04409225822627 6.793017542394656 16.03351075817737
20.865414035451465 25.62350309068109 44.86080012099645 35.47429472001054 16.237919470848354 6.75337154639404 45.89038890668113 15.456842407656094 31.1166469590486 11.737301445831852 7.544870327643402 8.506092669769782 37.63900702039197 30.6812084563644 21.376435156130007 27.912490932099875 24.070575767086265 27.33836669696684 33.54062752764353 11.702169510208972
13.12580603612031 37.9822379365184 43.78361786589893 5.011645017190468 22.89065089732768 35.484540132637754 4.827033385224569 28.644267391400266 4.026144330277505 27.834813186835643 25.768865748537195 29.062382037165367 8.342766687738301 17.07776424936812 26.496735518054564 6.695761087048547 11.064672791428716 29.57423624360986 5.456140578132704 26.00839234760889
40.625912075684624 23.218182708809316 26.149144316880435 23.383125309881926 3.8291022656937135 23.65653698120726 40.53885227516523 36.44072391142511 20.401486787709615 41.006208070723396 37.54441965875897 29.337251987892735 3.2192003336636104 17.881914461544593 4.124235693492077 49.712059363369086 46.794557145362376 4.381938161855376 46.7550025666616 2.555008680130873
21.034479855143164 38.67963106659065 38.52555646326187 48.93833096128095 32.64816008676101 21.597735005234064 49.64997333046307 19.74150132371723 43.61139398022471 45.43159826470406 19.406631156297394 34.453787350975524 33.42783436814794 27.42571293202415 33.0231708225164 18.04072446981836 9.745207821201472 27.32566583350206 26.913284437656454 36.66504890440028
11.911820582347058 1.170191452300481 2.1140310387763632 15.61978644644611 34.00149303105179 27.67782161222602 27.064746816341177 41.344661431413435 13.128089886685002 17.961827014393712 14.506836661961238 46.933107695618276 36.526173349537004 6.5293872995573885 40.664430993420524 21.542789326095853 38.536619908181265 44.30407447042335 1.7666440218139288 11.097999470660493
5.943938941532845 2.645237511959759 30.29145993984608 35.461027076381505 3.385139740943706 37.28651284551322 20.71100218973441 12.482624645890521 11.646191298700117 43.322781890832765 3.765757716198586 25.69089659810579 15.173909116342024 40.973526581402524 36.844356672684896 16.62628112209041 30.29796603958586 33.954063170408766 16.712590654256175 15.78645732206596
8.019761274003105 33.35040876672642 11.831094281855595 15.72454673411356 3.986924218231346 47.477492496309345 44.10598065723027 45.667305615406676 31.67366374476817 21.93282853243263 25.285418587158027 48.642221531840605 47.137734081763675 33.89578371254039 39.50442520304538 16.6179884084993 21.399907037650788 8.311662783433022 19.44654923684947 37.96638876466814
24.202422200198775 42.617705680741985 15.736084520962242 35.67126307691064 40.48303183680946 45.82231751697937 28.556911529758548 48.42152323878471 28.30705115176438 7.570544801894823 12.900067288389701 10.963499919942665 32.68858672584929 46.18907912104989 42.50953591006098 5.530735829816319 36.50465090305289 10.333599303106176 14.154617804894079 34.00992411109434
30.54318020446472 43.807402465987444 10.22000140270501 38.32312445932329 36.49095675275531 28.383673337353837 24.490316117074826 43.604218724702356 17.315251230122243 47.89396826580698 1.751351605196149 46.92082839691014 48.141800249608494 6.74849377272339 49.97902834387277 24.467122940775923 12.887065910441335 30.61567516986028 11.02114400591679 45.84119652008427
28.05188533484291 39.000180221124744 19.652425474273205 27.14885624339689 18.60371822202721 13.816519741882278 26.1280104611649 25.366587361948184 5.831803346708522 49.08460438548226 24.005030679105364 42.14682789662056 45.802194445976966 19.164541150131665 21.282578358352605 28.56371164575336 11.842430817495037 8.15021294202488 13.777931385578709 46.803154264521325
29.378003375832623 21.46132560420351 8.46815909902302 17.163399012915136 19.612148962316553 41.83477304906227 25.4657726360968 33.07579033993007 34.5574840049494 13.609011124109255 41.25800504492546 48.35890509526684 32.443028265536654 25.039183546458336 9.24344865162551 39.95380020332807 9.294019832148905 36.295363007342594 24.927499741452486 45.928070095023976
27.5647059122164 32.44866369593596 3.8778705274557765 2.657364101069837 42.4881717759534 47.31421744884401 33.74256162626449 38.45260333502894 21.207218898364044 42.28469112444208 12.34023621179483 35.65130862146953 1.4479316228424266 25.780913064960192 19.286833941653782 31.273926557963346 33.67098174811365 31.209448693132558 24.67700352746943 24.90486481615049
1.324005492615786 28.030534484651586 1.5806974382667294 26.941464695240878 14.462296122693767 48.89648806339307 1.839987282518933 40.84470382478158 34.027614653841304 40.50221724842402 45.57889493393954 6.243805006030152 5.719380622319015 8.295976801272275 10.404670792589046 26.796343284610593 40.94550514495085 14.098912097155155 20.4479247024055 19.279527589720427
